    0.400030045203301      0.230957454282064     0.0554715428797209
 6.22348270725907e-62      0.461914908564128     0.0554715428797209
   -0.400030045203301      0.230957454282064     0.0554715428797209
   -0.400030045203301     -0.230957454282064     0.0554715428797209
-8.29797694301209e-62     -0.461914908564128     0.0554715428797209
    0.400030045203301     -0.230957454282064     0.0554715428797209
    0.684047218537331      0.394934845760943     0.0292467362741623
 1.06420907293406e-61      0.789869691521885     0.0292467362741623
   -0.684047218537331      0.394934845760943     0.0292467362741623
   -0.684047218537331     -0.394934845760943     0.0292467362741623
-1.41894543057874e-61     -0.789869691521885     0.0292467362741623
    0.684047218537331     -0.394934845760943     0.0292467362741623
    0.186137812104434                      0     0.0454632198238696
    0.093068906052217      0.161200073887294     0.0454632198238696
   -0.093068906052217      0.161200073887294     0.0454632198238696
   -0.186137812104434   2.12568208647994e-62     0.0454632198238696
   -0.093068906052217     -0.161200073887294     0.0454632198238696
    0.093068906052217     -0.161200073887294     0.0454632198238696
    0.388692710479465                      0     0.0507218055192879
    0.194346355239733      0.336617761541047     0.0507218055192879
   -0.194346355239733      0.336617761541047     0.0507218055192879
   -0.388692710479465   4.43884626379924e-62     0.0507218055192879
   -0.194346355239733     -0.336617761541047     0.0507218055192879
    0.194346355239733     -0.336617761541047     0.0507218055192879
     0.60551253607933                      0     0.0458263678487476
    0.302756268039665      0.524389238554641     0.0458263678487476
   -0.302756268039665      0.524389238554641     0.0458263678487476
    -0.60551253607933   6.91491501125369e-62     0.0458263678487476
   -0.302756268039665     -0.524389238554641     0.0458263678487476
    0.302756268039665     -0.524389238554641     0.0458263678487476
    0.792236454622056                      0     0.0229978035532494
    0.396118227311028      0.686096895506818     0.0229978035532494
   -0.396118227311028      0.686096895506818     0.0229978035532494
   -0.792236454622056   9.04729039633085e-62     0.0229978035532494
   -0.396118227311028     -0.686096895506818     0.0229978035532494
    0.396118227311028     -0.686096895506818     0.0229978035532494
    0.993379739165004                      0     0.0014290421261412
    0.496689869582502      0.860292089721653     0.0014290421261412
   -0.496689869582502      0.860292089721653     0.0014290421261412
   -0.993379739165004   1.13443340326276e-61     0.0014290421261412
   -0.496689869582502     -0.860292089721653     0.0014290421261412
    0.496689869582502     -0.860292089721653     0.0014290421261412
    0.623592557881366      0.214110928528704     0.0411268463351872
    0.623592557881366     -0.214110928528704     0.0411268463351872
    0.126370775606951      0.647102461000533     0.0411268463351872
    0.497221782274415      0.432991532471829     0.0411268463351872
   -0.497221782274415      0.432991532471829     0.0411268463351872
   -0.126370775606951      0.647102461000533     0.0411268463351872
   -0.623592557881366     -0.214110928528704     0.0411268463351872
   -0.623592557881366      0.214110928528704     0.0411268463351872
   -0.126370775606951     -0.647102461000533     0.0411268463351872
   -0.497221782274415     -0.432991532471829     0.0411268463351872
    0.497221782274415     -0.432991532471829     0.0411268463351872
    0.126370775606951     -0.647102461000533     0.0411268463351872
    0.794514754497731      0.154292414707858     0.0253780699254823
    0.794514754497731     -0.154292414707858     0.0253780699254823
    0.263636226500617      0.765216168430521     0.0253780699254823
    0.530878527997114      0.610923753722663     0.0253780699254823
   -0.530878527997114      0.610923753722663     0.0253780699254823
   -0.263636226500617      0.765216168430521     0.0253780699254823
   -0.794514754497731     -0.154292414707858     0.0253780699254823
   -0.794514754497731      0.154292414707858     0.0253780699254823
   -0.263636226500617     -0.765216168430521     0.0253780699254823
   -0.530878527997114     -0.610923753722663     0.0253780699254823
    0.530878527997114     -0.610923753722663     0.0253780699254823
    0.263636226500617     -0.765216168430521     0.0253780699254823
    0.919757597195559     0.0768777446269108     0.0135448212048211
    0.919757597195559    -0.0768777446269108     0.0135448212048211
    0.393300718765222      0.834972316808544     0.0135448212048211
    0.526456878430337      0.758094572181633     0.0135448212048211
   -0.526456878430337      0.758094572181633     0.0135448212048211
   -0.393300718765222      0.834972316808544     0.0135448212048211
   -0.919757597195559    -0.0768777446269108     0.0135448212048211
   -0.919757597195559     0.0768777446269108     0.0135448212048211
   -0.393300718765222     -0.834972316808544     0.0135448212048211
   -0.526456878430337     -0.758094572181633     0.0135448212048211
    0.526456878430337     -0.758094572181633     0.0135448212048211
    0.393300718765222     -0.834972316808544     0.0135448212048211
    0.817891941335996      0.289134872773959     0.0108783544680296
    0.817891941335996     -0.289134872773959     0.0108783544680296
    0.158547825725768      0.852882635134523     0.0108783544680296
    0.659344115610228      0.563747762360564     0.0108783544680296
   -0.659344115610228      0.563747762360564     0.0108783544680296
   -0.158547825725768      0.852882635134523     0.0108783544680296
   -0.817891941335996     -0.289134872773959     0.0108783544680296
   -0.817891941335996      0.289134872773959     0.0108783544680296
   -0.158547825725768     -0.852882635134523     0.0108783544680296
   -0.659344115610228     -0.563747762360564     0.0108783544680296
    0.659344115610228     -0.563747762360564     0.0108783544680296
    0.158547825725768     -0.852882635134523     0.0108783544680296

