    0.472276099010015      0.272668732895258     0.0733927186279159
 7.34745344876995e-62      0.545337465790516     0.0733927186279159
   -0.472276099010015      0.272668732895258     0.0733927186279159
   -0.472276099010015     -0.272668732895258     0.0733927186279159
-9.79660459835994e-62     -0.545337465790516     0.0733927186279159
    0.472276099010015     -0.272668732895258     0.0733927186279159
    0.739227033798762      0.426792926955964     0.0182050069264005
 1.15005528128442e-61      0.853585853911928     0.0182050069264005
   -0.739227033798762      0.426792926955964     0.0182050069264005
   -0.739227033798762     -0.426792926955964     0.0182050069264005
-1.53340704171256e-61     -0.853585853911928     0.0182050069264005
    0.739227033798762     -0.426792926955964     0.0182050069264005
    0.221339968482339                      0     0.0638867829763609
     0.11066998424117      0.191686035578553     0.0638867829763609
    -0.11066998424117      0.191686035578553     0.0638867829763609
   -0.221339968482339    2.5276884943773e-62     0.0638867829763609
    -0.11066998424117     -0.191686035578553     0.0638867829763609
     0.11066998424117     -0.191686035578553     0.0638867829763609
    0.457587705847132                      0     0.0702004069629562
    0.228793852923566      0.396282577723057     0.0702004069629562
   -0.228793852923566      0.396282577723057     0.0702004069629562
   -0.457587705847132   5.22562277011705e-62     0.0702004069629562
   -0.228793852923566     -0.396282577723057     0.0702004069629562
    0.228793852923566     -0.396282577723057     0.0702004069629562
    0.701793267893027                      0      0.055365828570265
    0.350896633946513      0.607770798200259      0.055365828570265
   -0.350896633946513      0.607770798200259      0.055365828570265
   -0.701793267893027   8.01443490232627e-62      0.055365828570265
   -0.350896633946513     -0.607770798200259      0.055365828570265
    0.350896633946513     -0.607770798200259      0.055365828570265
     0.98566329433847                      0    0.00355435166830031
    0.492831647169235      0.853609452474973    0.00355435166830031
   -0.492831647169235      0.853609452474973    0.00355435166830031
    -0.98566329433847   1.12562127188889e-61    0.00355435166830031
   -0.492831647169235     -0.853609452474973    0.00355435166830031
    0.492831647169235     -0.853609452474973    0.00355435166830031
     0.71441650488693      0.239193023509674     0.0462224140119643
     0.71441650488693     -0.239193023509674     0.0462224140119643
    0.150061017676079      0.738299353869808     0.0462224140119643
    0.564355487210851      0.499106330360134     0.0462224140119643
   -0.564355487210851      0.499106330360134     0.0462224140119643
   -0.150061017676079      0.738299353869808     0.0462224140119643
    -0.71441650488693     -0.239193023509674     0.0462224140119643
    -0.71441650488693      0.239193023509674     0.0462224140119643
   -0.150061017676079     -0.738299353869808     0.0462224140119643
   -0.564355487210851     -0.499106330360134     0.0462224140119643
    0.564355487210851     -0.499106330360134     0.0462224140119643
    0.150061017676079     -0.738299353869808     0.0462224140119643
    0.882532478698102      0.113520450987015      0.027981389068046
    0.882532478698102     -0.113520450987015      0.027981389068046
     0.34295464494523      0.821055771710913      0.027981389068046
    0.539577833752872      0.707535320723898      0.027981389068046
   -0.539577833752872      0.707535320723898      0.027981389068046
    -0.34295464494523      0.821055771710913      0.027981389068046
   -0.882532478698102     -0.113520450987015      0.027981389068046
   -0.882532478698102      0.113520450987015      0.027981389068046
    -0.34295464494523     -0.821055771710913      0.027981389068046
   -0.539577833752872     -0.707535320723898      0.027981389068046
    0.539577833752872     -0.707535320723898      0.027981389068046
     0.34295464494523     -0.821055771710913      0.027981389068046

