    0.160914675726615     0.0929041313473225     0.0453192254195156
 2.50343621369699e-62      0.185808262694645     0.0453192254195156
   -0.160914675726615     0.0929041313473225     0.0453192254195156
   -0.160914675726615    -0.0929041313473225     0.0453192254195156
-3.33791495159599e-62     -0.185808262694645     0.0453192254195156
    0.160914675726615    -0.0929041313473225     0.0453192254195156
    0.404206749146908      0.233368875428231     0.0524813125182053
 6.28846193838948e-62      0.466737750856461     0.0524813125182053
   -0.404206749146908      0.233368875428231     0.0524813125182053
   -0.404206749146908     -0.233368875428231     0.0524813125182053
-8.38461591785264e-62     -0.466737750856461     0.0524813125182053
    0.404206749146908     -0.233368875428231     0.0524813125182053
    0.605376134751203      0.349514074359582     0.0403185694833907
 9.41816233852316e-62      0.699028148719165     0.0403185694833907
   -0.605376134751203      0.349514074359582     0.0403185694833907
   -0.605376134751203     -0.349514074359582     0.0403185694833907
-1.25575497846975e-61     -0.699028148719165     0.0403185694833907
    0.605376134751203     -0.349514074359582     0.0403185694833907
    0.731648374682639      0.422417386075174     0.0158734632853362
 1.13826475341808e-61      0.844834772150348     0.0158734632853362
   -0.731648374682639      0.422417386075174     0.0158734632853362
   -0.731648374682639     -0.422417386075174     0.0158734632853362
-1.51768633789078e-61     -0.844834772150348     0.0158734632853362
    0.731648374682639     -0.422417386075174     0.0158734632853362
    0.390547873761661                      0     0.0549163230040314
    0.195273936880831      0.338224380071596     0.0549163230040314
   -0.195273936880831      0.338224380071596     0.0549163230040314
   -0.390547873761661   4.46003211159596e-62     0.0549163230040314
   -0.195273936880831     -0.338224380071596     0.0549163230040314
    0.195273936880831     -0.338224380071596     0.0549163230040314
    0.797548326345181                      0     0.0349196602110158
    0.398774163172591      0.690697111360689     0.0349196602110158
   -0.398774163172591      0.690697111360689     0.0349196602110158
   -0.797548326345181   9.10795163673047e-62     0.0349196602110158
   -0.398774163172591     -0.690697111360689     0.0349196602110158
    0.398774163172591     -0.690697111360689     0.0349196602110158
    0.991773398276811                      0    0.00157037027906652
    0.495886699138405       0.85890095770534    0.00157037027906652
   -0.495886699138405       0.85890095770534    0.00157037027906652
   -0.991773398276811   1.13259897208931e-61    0.00157037027906652
   -0.495886699138405      -0.85890095770534    0.00157037027906652
    0.495886699138405      -0.85890095770534    0.00157037027906652
    0.614185604300459      0.117224951158262     0.0472307584403652
    0.614185604300459     -0.117224951158262     0.0472307584403652
    0.205573016489785      0.590512811542025     0.0472307584403652
    0.408612587810674      0.473287860383764     0.0472307584403652
   -0.408612587810674      0.473287860383764     0.0472307584403652
   -0.205573016489785      0.590512811542025     0.0472307584403652
   -0.614185604300459     -0.117224951158262     0.0472307584403652
   -0.614185604300459      0.117224951158262     0.0472307584403652
   -0.205573016489785     -0.590512811542025     0.0472307584403652
   -0.408612587810674     -0.473287860383764     0.0472307584403652
    0.408612587810674     -0.473287860383764     0.0472307584403652
    0.205573016489785     -0.590512811542025     0.0472307584403652
    0.778423135139696      0.219768520186922     0.0291902443030637
    0.778423135139696     -0.219768520186922     0.0291902443030637
     0.19888644613586      0.784018470017965     0.0291902443030637
    0.579536689003836      0.564249949831043     0.0291902443030637
   -0.579536689003836      0.564249949831043     0.0291902443030637
    -0.19888644613586      0.784018470017965     0.0291902443030637
   -0.778423135139696     -0.219768520186922     0.0291902443030637
   -0.778423135139696      0.219768520186922     0.0291902443030637
    -0.19888644613586     -0.784018470017965     0.0291902443030637
   -0.579536689003836     -0.564249949831043     0.0291902443030637
    0.579536689003836     -0.564249949831043     0.0291902443030637
     0.19888644613586     -0.784018470017965     0.0291902443030637
    0.923526624105461     0.0466898639571687    0.00991678873991499
    0.923526624105461    -0.0466898639571687    0.00991678873991499
    0.421328703766583      0.823142449525196    0.00991678873991499
    0.502197920338878      0.776452585568027    0.00991678873991499
   -0.502197920338878      0.776452585568027    0.00991678873991499
   -0.421328703766583      0.823142449525196    0.00991678873991499
   -0.923526624105461    -0.0466898639571687    0.00991678873991499
   -0.923526624105461     0.0466898639571687    0.00991678873991499
   -0.421328703766583     -0.823142449525196    0.00991678873991499
   -0.502197920338878     -0.776452585568027    0.00991678873991499
    0.502197920338878     -0.776452585568027    0.00991678873991499
    0.421328703766583     -0.823142449525196    0.00991678873991499
    0.884620097176568      0.180301597574126    0.00746909736248509
    0.884620097176568     -0.180301597574126    0.00746909736248509
    0.286164284746172      0.856254275640229    0.00746909736248509
    0.598455812430396      0.675952678066103    0.00746909736248509
   -0.598455812430396      0.675952678066103    0.00746909736248509
   -0.286164284746172      0.856254275640229    0.00746909736248509
   -0.884620097176568     -0.180301597574126    0.00746909736248509
   -0.884620097176568      0.180301597574126    0.00746909736248509
   -0.286164284746172     -0.856254275640229    0.00746909736248509
   -0.598455812430396     -0.675952678066103    0.00746909736248509
    0.598455812430396     -0.675952678066103    0.00746909736248509
    0.286164284746172     -0.856254275640229    0.00746909736248509

