    0.278658721458368      0.160883687846026     0.0858611953836458
 4.33524370236169e-62      0.321767375692052     0.0858611953836458
   -0.278658721458368      0.160883687846026     0.0858611953836458
   -0.278658721458368     -0.160883687846026     0.0858611953836458
-5.78032493648226e-62     -0.321767375692052     0.0858611953836458
    0.278658721458368     -0.160883687846026     0.0858611953836458
    0.524766648206938      0.302974165604013     0.0669422567308265
 8.16407717275939e-62      0.605948331208026     0.0669422567308265
   -0.524766648206938      0.302974165604013     0.0669422567308265
   -0.524766648206938     -0.302974165604013     0.0669422567308265
-1.08854362303459e-61     -0.605948331208026     0.0669422567308265
    0.524766648206938     -0.302974165604013     0.0669422567308265
   0.0241393765232737                      0     0.0157258343954196
   0.0120696882616368     0.0209053133006727     0.0157258343954196
  -0.0120696882616368     0.0209053133006727     0.0157258343954196
  -0.0241393765232737   2.75670158976232e-63     0.0157258343954196
  -0.0120696882616368    -0.0209053133006727     0.0157258343954196
   0.0120696882616368    -0.0209053133006727     0.0157258343954196
    0.536195726742788                      0     0.0733309204962786
    0.268097863371394      0.464359120759914     0.0733309204962786
   -0.268097863371394      0.464359120759914     0.0733309204962786
   -0.536195726742788   6.12332141598803e-62     0.0733309204962786
   -0.268097863371394     -0.464359120759914     0.0733309204962786
    0.268097863371394     -0.464359120759914     0.0733309204962786
    0.980229798711083                      0    0.00370338092285744
    0.490114899355541      0.848903907230305    0.00370338092285744
   -0.490114899355541      0.848903907230305    0.00370338092285744
   -0.980229798711083   1.11941625411657e-61    0.00370338092285744
   -0.490114899355541     -0.848903907230305    0.00370338092285744
    0.490114899355541     -0.848903907230305    0.00370338092285744
    0.743909338475481      0.138362817629171     0.0495549107508451
    0.743909338475481     -0.138362817629171     0.0495549107508451
    0.252128954231685      0.713425794046829     0.0495549107508451
    0.491780384243796      0.575062976417658     0.0495549107508451
   -0.491780384243796      0.575062976417658     0.0495549107508451
   -0.252128954231685      0.713425794046829     0.0495549107508451
   -0.743909338475481     -0.138362817629171     0.0495549107508451
   -0.743909338475481      0.138362817629171     0.0495549107508451
   -0.252128954231685     -0.713425794046829     0.0495549107508451
   -0.491780384243796     -0.575062976417658     0.0495549107508451
    0.491780384243796     -0.575062976417658     0.0495549107508451
    0.252128954231685     -0.713425794046829     0.0495549107508451
    0.708426308747853      0.390647720479583     0.0179190028513532
    0.708426308747853     -0.390647720479583     0.0179190028513532
   0.0159023045081253       0.80883904032467     0.0179190028513532
    0.692524004239728      0.418191319845087     0.0179190028513532
   -0.692524004239728      0.418191319845087     0.0179190028513532
  -0.0159023045081253       0.80883904032467     0.0179190028513532
   -0.708426308747853     -0.390647720479583     0.0179190028513532
   -0.708426308747853      0.390647720479583     0.0179190028513532
  -0.0159023045081253      -0.80883904032467     0.0179190028513532
   -0.692524004239728     -0.418191319845087     0.0179190028513532
    0.692524004239728     -0.418191319845087     0.0179190028513532
   0.0159023045081253      -0.80883904032467     0.0179190028513532
    0.897978085368769     0.0691907696665528     0.0163945195095149
    0.897978085368769    -0.0691907696665528     0.0163945195095149
    0.389068078445752      0.812267218804342     0.0163945195095149
    0.508910006923017      0.743076449137789     0.0163945195095149
   -0.508910006923017      0.743076449137789     0.0163945195095149
   -0.389068078445752      0.812267218804342     0.0163945195095149
   -0.897978085368769    -0.0691907696665528     0.0163945195095149
   -0.897978085368769     0.0691907696665528     0.0163945195095149
   -0.389068078445752     -0.812267218804342     0.0163945195095149
   -0.508910006923017     -0.743076449137789     0.0163945195095149
    0.508910006923017     -0.743076449137789     0.0163945195095149
    0.389068078445752     -0.812267218804342     0.0163945195095149
    0.855760654873097      0.232956253872636    0.00985612386988237
    0.855760654873097     -0.232956253872636    0.00985612386988237
    0.226134293612388      0.857588593615627    0.00985612386988237
    0.629626361260708      0.624632339742991    0.00985612386988237
   -0.629626361260708      0.624632339742991    0.00985612386988237
   -0.226134293612388      0.857588593615627    0.00985612386988237
   -0.855760654873097     -0.232956253872636    0.00985612386988237
   -0.855760654873097      0.232956253872636    0.00985612386988237
   -0.226134293612388     -0.857588593615627    0.00985612386988237
   -0.629626361260708     -0.624632339742991    0.00985612386988237
    0.629626361260708     -0.624632339742991    0.00985612386988237
    0.226134293612388     -0.857588593615627    0.00985612386988237

