                    0                      0     0.0494347575950042
    0.513046537481542      0.296207556521774      0.081980007406008
 7.98174110250348e-62      0.592415113043547      0.081980007406008
   -0.513046537481542      0.296207556521774      0.081980007406008
   -0.513046537481542     -0.296207556521774      0.081980007406008
-1.06423214700046e-61     -0.592415113043547      0.081980007406008
    0.513046537481542     -0.296207556521774      0.081980007406008
    0.721483654104819      0.416548781913332     0.0330781768711378
 1.12245095055534e-61      0.833097563826664     0.0330781768711378
   -0.721483654104819      0.416548781913332     0.0330781768711378
   -0.721483654104819     -0.416548781913332     0.0330781768711378
-1.49660126740712e-61     -0.833097563826664     0.0330781768711378
    0.721483654104819     -0.416548781913332     0.0330781768711378
    0.283063007084857                      0     0.0814848590704136
    0.141531503542428      0.245139755007101     0.0814848590704136
   -0.141531503542428      0.245139755007101     0.0814848590704136
   -0.283063007084857   3.23256170631164e-62     0.0814848590704136
   -0.141531503542428     -0.245139755007101     0.0814848590704136
    0.141531503542428     -0.245139755007101     0.0814848590704136
    0.527865061883387                      0     0.0750845727273276
    0.263932530941693      0.457144553361258     0.0750845727273276
   -0.263932530941693      0.457144553361258     0.0750845727273276
   -0.527865061883387   6.02818574817347e-62     0.0750845727273276
   -0.263932530941693     -0.457144553361258     0.0750845727273276
    0.263932530941693     -0.457144553361258     0.0750845727273276
    0.763395188818577       0.14833114306449     0.0597365059431653
    0.763395188818577      -0.14833114306449     0.0597365059431653
    0.253239056343056      0.735285198175951     0.0597365059431653
    0.510156132475521       0.58695405511146     0.0597365059431653
   -0.510156132475521       0.58695405511146     0.0597365059431653
   -0.253239056343056      0.735285198175951     0.0597365059431653
   -0.763395188818577      -0.14833114306449     0.0597365059431653
   -0.763395188818577       0.14833114306449     0.0597365059431653
   -0.253239056343056     -0.735285198175951     0.0597365059431653
   -0.510156132475521      -0.58695405511146     0.0597365059431653
    0.510156132475521      -0.58695405511146     0.0597365059431653
    0.253239056343056     -0.735285198175951     0.0597365059431653
    0.923079357949841     0.0937443951893464     0.0168364738325838
    0.923079357949841    -0.0937443951893464     0.0168364738325838
    0.380354651278539      0.846282371288265     0.0168364738325838
    0.542724706671302      0.752537976098918     0.0168364738325838
   -0.542724706671302      0.752537976098918     0.0168364738325838
   -0.380354651278539      0.846282371288265     0.0168364738325838
   -0.923079357949841    -0.0937443951893464     0.0168364738325838
   -0.923079357949841     0.0937443951893464     0.0168364738325838
   -0.380354651278539     -0.846282371288265     0.0168364738325838
   -0.542724706671302     -0.752537976098918     0.0168364738325838
    0.542724706671302     -0.752537976098918     0.0168364738325838
    0.380354651278539     -0.846282371288265     0.0168364738325838

