                    0                      0     0.0494347575949877
    0.513046537481539      0.296207556521772      0.081980007406007
 7.98174110250344e-62      0.592415113043544      0.081980007406007
   -0.513046537481539      0.296207556521772      0.081980007406007
   -0.513046537481539     -0.296207556521772      0.081980007406007
-1.06423214700046e-61     -0.592415113043544      0.081980007406007
    0.513046537481539     -0.296207556521772      0.081980007406007
    0.721483654104818      0.416548781913332     0.0330781768711381
 1.12245095055534e-61      0.833097563826663     0.0330781768711381
   -0.721483654104818      0.416548781913332     0.0330781768711381
   -0.721483654104818     -0.416548781913332     0.0330781768711381
-1.49660126740712e-61     -0.833097563826663     0.0330781768711381
    0.721483654104818     -0.416548781913332     0.0330781768711381
    0.283063007084841                      0     0.0814848590704103
    0.141531503542421      0.245139755007087     0.0814848590704103
   -0.141531503542421      0.245139755007087     0.0814848590704103
   -0.283063007084841   3.23256170631146e-62     0.0814848590704103
   -0.141531503542421     -0.245139755007087     0.0814848590704103
    0.141531503542421     -0.245139755007087     0.0814848590704103
    0.527865061883374                      0     0.0750845727273308
    0.263932530941687      0.457144553361247     0.0750845727273308
   -0.263932530941687      0.457144553361247     0.0750845727273308
   -0.527865061883374   6.02818574817332e-62     0.0750845727273308
   -0.263932530941687     -0.457144553361247     0.0750845727273308
    0.263932530941687     -0.457144553361247     0.0750845727273308
    0.763395188818573       0.14833114306449     0.0597365059431665
    0.763395188818573      -0.14833114306449     0.0597365059431665
    0.253239056343054      0.735285198175947     0.0597365059431665
    0.510156132475519      0.586954055111457     0.0597365059431665
   -0.510156132475519      0.586954055111457     0.0597365059431665
   -0.253239056343054      0.735285198175947     0.0597365059431665
   -0.763395188818573      -0.14833114306449     0.0597365059431665
   -0.763395188818573       0.14833114306449     0.0597365059431665
   -0.253239056343054     -0.735285198175947     0.0597365059431665
   -0.510156132475519     -0.586954055111457     0.0597365059431665
    0.510156132475519     -0.586954055111457     0.0597365059431665
    0.253239056343054     -0.735285198175947     0.0597365059431665
     0.92307935794984     0.0937443951893476     0.0168364738325844
     0.92307935794984    -0.0937443951893476     0.0168364738325844
    0.380354651278537      0.846282371288265     0.0168364738325844
    0.542724706671303      0.752537976098917     0.0168364738325844
   -0.542724706671303      0.752537976098917     0.0168364738325844
   -0.380354651278537      0.846282371288265     0.0168364738325844
    -0.92307935794984    -0.0937443951893476     0.0168364738325844
    -0.92307935794984     0.0937443951893476     0.0168364738325844
   -0.380354651278537     -0.846282371288265     0.0168364738325844
   -0.542724706671303     -0.752537976098917     0.0168364738325844
    0.542724706671303     -0.752537976098917     0.0168364738325844
    0.380354651278537     -0.846282371288265     0.0168364738325844

