                    0                      0      0.453594707516457
    0.569560493710611      0.328835904363597      0.301000908312276
 8.86095913506817e-62      0.657671808727195      0.301000908312276
   -0.569560493710611      0.328835904363597      0.301000908312276
   -0.569560493710611     -0.328835904363597      0.301000908312276
-1.18146121800909e-61     -0.657671808727195      0.301000908312276
    0.569560493710611     -0.328835904363597      0.301000908312276
    0.943605629506382                      0     0.0564126756605336
    0.471802814753191      0.817186446306534     0.0564126756605336
   -0.471802814753191      0.817186446306534     0.0564126756605336
   -0.943605629506382   1.07759168363813e-61     0.0564126756605336
   -0.471802814753191     -0.817186446306534     0.0564126756605336
    0.471802814753191     -0.817186446306534     0.0564126756605336

