                    0                      0      0.149213112873061
    0.425393340791088      0.245600959817209      0.107115534031149
 6.61807314710833e-62      0.491201919634418      0.107115534031149
   -0.425393340791088      0.245600959817209      0.107115534031149
   -0.425393340791088     -0.245600959817209      0.107115534031149
-8.82409752947777e-62     -0.491201919634418      0.107115534031149
    0.425393340791088     -0.245600959817209      0.107115534031149
    0.674634366539488      0.389500333126146     0.0804531874062475
 1.04956499248635e-61      0.779000666252293     0.0804531874062475
   -0.674634366539488      0.389500333126146     0.0804531874062475
   -0.674634366539488     -0.389500333126146     0.0804531874062475
 -1.3994199899818e-61     -0.779000666252293     0.0804531874062475
    0.674634366539488     -0.389500333126146     0.0804531874062475
    0.353130692245305                      0     0.0615527088846966
    0.176565346122653      0.305820150340419     0.0615527088846966
   -0.176565346122653      0.305820150340419     0.0615527088846966
   -0.353130692245305   4.03273025617681e-62     0.0615527088846966
   -0.176565346122653     -0.305820150340419     0.0615527088846966
    0.176565346122653     -0.305820150340419     0.0615527088846966
    0.711376871101105                      0      0.104393040780523
    0.355688435550553      0.616070442038245      0.104393040780523
   -0.355688435550553      0.616070442038245      0.104393040780523
   -0.711376871101105    8.1238790471404e-62      0.104393040780523
   -0.355688435550553     -0.616070442038245      0.104393040780523
    0.355688435550553     -0.616070442038245      0.104393040780523
    0.901740051902233      0.123202848247939     0.0273146893220465
    0.901740051902233     -0.123202848247939     0.0273146893220465
    0.344173229549802      0.842531216681201     0.0273146893220465
    0.557566822352431      0.719328368433262     0.0273146893220465
   -0.557566822352431      0.719328368433262     0.0273146893220465
   -0.344173229549802      0.842531216681201     0.0273146893220465
   -0.901740051902233     -0.123202848247939     0.0273146893220465
   -0.901740051902233      0.123202848247939     0.0273146893220465
   -0.344173229549802     -0.842531216681201     0.0273146893220465
   -0.557566822352431     -0.719328368433262     0.0273146893220465
    0.557566822352431     -0.719328368433262     0.0273146893220465
    0.344173229549802     -0.842531216681201     0.0273146893220465

