                    0                      0      0.287935815941211
    0.686606562325595      0.396412483586046     0.0980752115084174
 1.06819078180797e-61      0.792824967172092     0.0980752115084174
   -0.686606562325595      0.396412483586046     0.0980752115084174
   -0.686606562325595     -0.396412483586046     0.0980752115084174
-1.42425437574397e-61     -0.792824967172092     0.0980752115084174
    0.686606562325595     -0.396412483586046     0.0980752115084174
    0.537790663359879                      0      0.214132675818117
     0.26889533167994       0.46574037638774      0.214132675818117
    -0.26889533167994       0.46574037638774      0.214132675818117
   -0.537790663359879   6.14153549166503e-62      0.214132675818117
    -0.26889533167994      -0.46574037638774      0.214132675818117
     0.26889533167994      -0.46574037638774      0.214132675818117
    0.883544457934942                      0     0.0728155119088163
    0.441772228967471      0.765171945944611     0.0728155119088163
   -0.441772228967471      0.765171945944611     0.0728155119088163
   -0.883544457934942   1.00900220412347e-61     0.0728155119088163
   -0.441772228967471     -0.765171945944611     0.0728155119088163
    0.441772228967471     -0.765171945944611     0.0728155119088163

