   0.0555154010945515     0.0320518317661093     0.0175794926985316
 8.63682972919958e-63     0.0641036635322187     0.0175794926985316
  -0.0555154010945515     0.0320518317661093     0.0175794926985316
  -0.0555154010945515    -0.0320518317661093     0.0175794926985316
-1.15157729722661e-62    -0.0641036635322187     0.0175794926985316
   0.0555154010945515    -0.0320518317661093     0.0175794926985316
    0.281629560266187      0.162598902431439     0.0831962177712616
 4.38146264058449e-62      0.325197804862878     0.0831962177712616
   -0.281629560266187      0.162598902431439     0.0831962177712616
   -0.281629560266187     -0.162598902431439     0.0831962177712616
-5.84195018744599e-62     -0.325197804862878     0.0831962177712616
    0.281629560266187     -0.162598902431439     0.0831962177712616
    0.525299525452359      0.303281822425102     0.0668147068119162
 8.17236743085809e-62      0.606563644850204     0.0668147068119162
   -0.525299525452359      0.303281822425102     0.0668147068119162
   -0.525299525452359     -0.303281822425102     0.0668147068119162
-1.08964899078108e-61     -0.606563644850204     0.0668147068119162
    0.525299525452359     -0.303281822425102     0.0668147068119162
    0.701154430594477       0.40481169924722      0.035472650304068
 1.09082368343237e-61      0.809623398494441      0.035472650304068
   -0.701154430594477       0.40481169924722      0.035472650304068
   -0.701154430594477      -0.40481169924722      0.035472650304068
-1.45443157790982e-61     -0.809623398494441      0.035472650304068
    0.701154430594477      -0.40481169924722      0.035472650304068
     0.41599617748249                      0    0.00374296168408911
    0.207998088741245      0.360263257577056    0.00374296168408911
   -0.207998088741245      0.360263257577056    0.00374296168408911
    -0.41599617748249   4.75065013669834e-62    0.00374296168408911
   -0.207998088741245     -0.360263257577056    0.00374296168408911
    0.207998088741245     -0.360263257577056    0.00374296168408911
    0.539999170052533                      0     0.0710916652964402
    0.269999585026266      0.467652999288007     0.0710916652964402
   -0.269999585026266      0.467652999288007     0.0710916652964402
   -0.539999170052533   6.16675649894652e-62     0.0710916652964402
   -0.269999585026266     -0.467652999288007     0.0710916652964402
    0.269999585026266     -0.467652999288007     0.0710916652964402
    0.979423693785073                      0    0.00383881292815582
    0.489711846892536      0.848205799886264    0.00383881292815582
   -0.489711846892536      0.848205799886264    0.00383881292815582
   -0.979423693785073   1.11849568736999e-61    0.00383881292815582
   -0.489711846892536     -0.848205799886264    0.00383881292815582
    0.489711846892536     -0.848205799886264    0.00383881292815582
    0.744228129359914      0.139271806313051     0.0495094697492076
    0.744228129359914     -0.139271806313051     0.0495094697492076
    0.251501142381909      0.714156369393182     0.0495094697492076
    0.492726986978005      0.574884563080131     0.0495094697492076
   -0.492726986978005      0.574884563080131     0.0495094697492076
   -0.251501142381909      0.714156369393182     0.0495094697492076
   -0.744228129359914     -0.139271806313051     0.0495094697492076
   -0.744228129359914      0.139271806313051     0.0495094697492076
   -0.251501142381909     -0.714156369393182     0.0495094697492076
   -0.492726986978005     -0.574884563080131     0.0495094697492076
    0.492726986978005     -0.574884563080131     0.0495094697492076
    0.251501142381909     -0.714156369393182     0.0495094697492076
    0.897683813542937      0.067000638087766     0.0160457069617126
    0.897683813542937     -0.067000638087766     0.0160457069617126
    0.390817652117696      0.810917306138159     0.0160457069617126
    0.506866161425241      0.743916668050393     0.0160457069617126
   -0.506866161425241      0.743916668050393     0.0160457069617126
   -0.390817652117696      0.810917306138159     0.0160457069617126
   -0.897683813542937     -0.067000638087766     0.0160457069617126
   -0.897683813542937      0.067000638087766     0.0160457069617126
   -0.390817652117696     -0.810917306138159     0.0160457069617126
   -0.506866161425241     -0.743916668050393     0.0160457069617126
    0.506866161425241     -0.743916668050393     0.0160457069617126
    0.390817652117696     -0.810917306138159     0.0160457069617126
     0.85742182492543      0.229475431104938     0.0100829204879582
     0.85742182492543     -0.229475431104938     0.0100829204879582
    0.229979359581453      0.857286797697104     0.0100829204879582
    0.627442465343977      0.627811366592167     0.0100829204879582
   -0.627442465343977      0.627811366592167     0.0100829204879582
   -0.229979359581453      0.857286797697104     0.0100829204879582
    -0.85742182492543     -0.229475431104938     0.0100829204879582
    -0.85742182492543      0.229475431104938     0.0100829204879582
   -0.229979359581453     -0.857286797697104     0.0100829204879582
   -0.627442465343977     -0.627811366592167     0.0100829204879582
    0.627442465343977     -0.627811366592167     0.0100829204879582
    0.229979359581453     -0.857286797697104     0.0100829204879582

