                    0                      0      0.149213112873056
    0.425393340791098      0.245600959817215      0.107115534031141
 6.61807314710849e-62       0.49120191963443      0.107115534031141
   -0.425393340791098      0.245600959817215      0.107115534031141
   -0.425393340791098     -0.245600959817215      0.107115534031141
-8.82409752947799e-62      -0.49120191963443      0.107115534031141
    0.425393340791098     -0.245600959817215      0.107115534031141
    0.674634366539489      0.389500333126147     0.0804531874062461
 1.04956499248635e-61      0.779000666252293     0.0804531874062461
   -0.674634366539489      0.389500333126147     0.0804531874062461
   -0.674634366539489     -0.389500333126147     0.0804531874062461
 -1.3994199899818e-61     -0.779000666252293     0.0804531874062461
    0.674634366539489     -0.389500333126147     0.0804531874062461
    0.353130692245309                      0     0.0615527088847069
    0.176565346122655      0.305820150340422     0.0615527088847069
   -0.176565346122655      0.305820150340422     0.0615527088847069
   -0.353130692245309   4.03273025617686e-62     0.0615527088847069
   -0.176565346122655     -0.305820150340422     0.0615527088847069
    0.176565346122655     -0.305820150340422     0.0615527088847069
    0.711376871101105                      0      0.104393040780522
    0.355688435550553      0.616070442038245      0.104393040780522
   -0.355688435550553      0.616070442038245      0.104393040780522
   -0.711376871101105    8.1238790471404e-62      0.104393040780522
   -0.355688435550553     -0.616070442038245      0.104393040780522
    0.355688435550553     -0.616070442038245      0.104393040780522
    0.901740051902232      0.123202848247939     0.0273146893220469
    0.901740051902232     -0.123202848247939     0.0273146893220469
    0.344173229549802        0.8425312166812     0.0273146893220469
     0.55756682235243      0.719328368433261     0.0273146893220469
    -0.55756682235243      0.719328368433261     0.0273146893220469
   -0.344173229549802        0.8425312166812     0.0273146893220469
   -0.901740051902232     -0.123202848247939     0.0273146893220469
   -0.901740051902232      0.123202848247939     0.0273146893220469
   -0.344173229549802       -0.8425312166812     0.0273146893220469
    -0.55756682235243     -0.719328368433261     0.0273146893220469
     0.55756682235243     -0.719328368433261     0.0273146893220469
    0.344173229549802       -0.8425312166812     0.0273146893220469

