    0.162371573330308     0.0937452715709967     0.0473742702457674
 2.52610195381215e-62      0.187490543141993     0.0473742702457674
   -0.162371573330308     0.0937452715709967     0.0473742702457674
   -0.162371573330308    -0.0937452715709967     0.0473742702457674
 -3.3681359384162e-62     -0.187490543141993     0.0473742702457674
    0.162371573330308    -0.0937452715709967     0.0473742702457674
    0.731337182514863      0.422237719193339     0.0248468197776331
 1.13778061501448e-61      0.844475438386677     0.0248468197776331
   -0.731337182514863      0.422237719193339     0.0248468197776331
   -0.731337182514863     -0.422237719193339     0.0248468197776331
-1.51704082001931e-61     -0.844475438386677     0.0248468197776331
    0.731337182514863     -0.422237719193339     0.0248468197776331
    0.627742435650434                      0      0.065165646999328
    0.313871217825217      0.543640896306794      0.065165646999328
   -0.313871217825217      0.543640896306794      0.065165646999328
   -0.627742435650434   7.16877906374417e-62      0.065165646999328
   -0.313871217825217     -0.543640896306794      0.065165646999328
    0.313871217825217     -0.543640896306794      0.065165646999328
    0.408715758311383      0.128375254488985     0.0526656205133554
    0.408715758311383     -0.128375254488985     0.0526656205133554
   0.0931816475509384      0.418145856869171     0.0526656205133554
    0.315534110760445      0.289770602380186     0.0526656205133554
   -0.315534110760445      0.289770602380186     0.0526656205133554
  -0.0931816475509384      0.418145856869171     0.0526656205133554
   -0.408715758311383     -0.128375254488985     0.0526656205133554
   -0.408715758311383      0.128375254488985     0.0526656205133554
  -0.0931816475509384     -0.418145856869171     0.0526656205133554
   -0.315534110760445     -0.289770602380186     0.0526656205133554
    0.315534110760445     -0.289770602380186     0.0526656205133554
   0.0931816475509384     -0.418145856869171     0.0526656205133554
    0.617434615154813      0.275463802826243     0.0398089169770589
    0.617434615154813     -0.275463802826243     0.0398089169770589
   0.0701586565068126      0.672445963313058     0.0398089169770589
       0.547275958648      0.396982160486815     0.0398089169770589
      -0.547275958648      0.396982160486815     0.0398089169770589
  -0.0701586565068126      0.672445963313058     0.0398089169770589
   -0.617434615154813     -0.275463802826243     0.0398089169770589
   -0.617434615154813      0.275463802826243     0.0398089169770589
  -0.0701586565068126     -0.672445963313058     0.0398089169770589
      -0.547275958648     -0.396982160486815     0.0398089169770589
       0.547275958648     -0.396982160486815     0.0398089169770589
   0.0701586565068126     -0.672445963313058     0.0398089169770589
    0.811675982594206      0.144357791548317     0.0447382018973211
    0.811675982594206     -0.144357791548317     0.0447382018973211
    0.280820476582042      0.775110916342436     0.0447382018973211
    0.530855506012164      0.630753124794119     0.0447382018973211
   -0.530855506012164      0.630753124794119     0.0447382018973211
   -0.280820476582042      0.775110916342436     0.0447382018973211
   -0.811675982594206     -0.144357791548317     0.0447382018973211
   -0.811675982594206      0.144357791548317     0.0447382018973211
   -0.280820476582042     -0.775110916342436     0.0447382018973211
   -0.530855506012164     -0.630753124794119     0.0447382018973211
    0.530855506012164     -0.630753124794119     0.0447382018973211
    0.280820476582042     -0.775110916342436     0.0447382018973211
    0.938881208907676     0.0787989914673544       0.01060024304701
    0.938881208907676    -0.0787989914673544       0.01060024304701
    0.401198676050516      0.852494473783569       0.01060024304701
     0.53768253285716      0.773695482316215       0.01060024304701
    -0.53768253285716      0.773695482316215       0.01060024304701
   -0.401198676050516      0.852494473783569       0.01060024304701
   -0.938881208907676    -0.0787989914673544       0.01060024304701
   -0.938881208907676     0.0787989914673544       0.01060024304701
   -0.401198676050516     -0.852494473783569       0.01060024304701
    -0.53768253285716     -0.773695482316215       0.01060024304701
     0.53768253285716     -0.773695482316215       0.01060024304701
    0.401198676050516     -0.852494473783569       0.01060024304701

