                    0                      0     0.0595364268535863
    0.483359533952199      0.279067757042674     0.0420491851458658
 7.51988441121094e-62      0.558135514085348     0.0420491851458658
   -0.483359533952199      0.279067757042674     0.0420491851458658
   -0.483359533952199     -0.279067757042674     0.0420491851458658
-1.00265125482813e-61     -0.558135514085348     0.0420491851458658
    0.483359533952199     -0.279067757042674     0.0420491851458658
    0.646406410246734      0.373202914961852     0.0326963534779079
  1.0056492416682e-61      0.746405829923703     0.0326963534779079
   -0.646406410246734      0.373202914961852     0.0326963534779079
   -0.646406410246734     -0.373202914961852     0.0326963534779079
 -1.3408656555576e-61     -0.746405829923703     0.0326963534779079
    0.646406410246734     -0.373202914961852     0.0326963534779079
     0.60273545639914                      0     0.0274156749034094
     0.30136772819957      0.521984217003263     0.0274156749034094
    -0.30136772819957      0.521984217003263     0.0274156749034094
    -0.60273545639914   6.88320093627791e-62     0.0274156749034094
    -0.30136772819957     -0.521984217003263     0.0274156749034094
     0.30136772819957     -0.521984217003263     0.0274156749034094
     0.80015723863253                      0     0.0285849082211253
    0.400078619316265      0.692956495677778     0.0285849082211253
   -0.400078619316265      0.692956495677778     0.0285849082211253
    -0.80015723863253   9.13774525067551e-62     0.0285849082211253
   -0.400078619316265     -0.692956495677778     0.0285849082211253
    0.400078619316265     -0.692956495677778     0.0285849082211253
     0.91080603473713                      0     0.0141581204955502
    0.455403017368565      0.788781164002526     0.0141581204955502
   -0.455403017368565      0.788781164002526     0.0141581204955502
    -0.91080603473713   1.04013475306795e-61     0.0141581204955502
   -0.455403017368565     -0.788781164002526     0.0141581204955502
    0.455403017368565     -0.788781164002526     0.0141581204955502
    0.975537840008115                      0    0.00373798502260152
    0.487768920004058      0.844840551800027    0.00373798502260152
   -0.487768920004058      0.844840551800027    0.00373798502260152
   -0.975537840008115   1.11405806683981e-61    0.00373798502260152
   -0.487768920004058     -0.844840551800027    0.00373798502260152
    0.487768920004058     -0.844840551800027    0.00373798502260152
    0.231862394195866      0.113399803751353     0.0279582395563948
    0.231862394195866     -0.113399803751353     0.0279582395563948
   0.0177240862650914      0.257498625431578     0.0279582395563948
    0.214138307930774      0.144098821680225     0.0279582395563948
   -0.214138307930774      0.144098821680225     0.0279582395563948
  -0.0177240862650914      0.257498625431578     0.0279582395563948
   -0.231862394195866     -0.113399803751353     0.0279582395563948
   -0.231862394195866      0.113399803751353     0.0279582395563948
  -0.0177240862650914     -0.257498625431578     0.0279582395563948
   -0.214138307930774     -0.144098821680225     0.0279582395563948
    0.214138307930774     -0.144098821680225     0.0279582395563948
   0.0177240862650914     -0.257498625431578     0.0279582395563948
     0.43471863933968     0.0884217669714941     0.0365348435856382
     0.43471863933968    -0.0884217669714941     0.0365348435856382
    0.140783823225018      0.420688268652515     0.0365348435856382
    0.293934816114661      0.332266501681021     0.0365348435856382
   -0.293934816114661      0.332266501681021     0.0365348435856382
   -0.140783823225018      0.420688268652515     0.0365348435856382
    -0.43471863933968    -0.0884217669714941     0.0365348435856382
    -0.43471863933968     0.0884217669714941     0.0365348435856382
   -0.140783823225018     -0.420688268652515     0.0365348435856382
   -0.293934816114661     -0.332266501681021     0.0365348435856382
    0.293934816114661     -0.332266501681021     0.0365348435856382
    0.140783823225018     -0.420688268652515     0.0365348435856382
    0.664873272292169      0.155004457859252     0.0350112799999331
    0.664873272292169     -0.155004457859252     0.0350112799999331
    0.198198837940138      0.653299373031933     0.0350112799999331
    0.466674434352031      0.498294915172681     0.0350112799999331
   -0.466674434352031      0.498294915172681     0.0350112799999331
   -0.198198837940138      0.653299373031933     0.0350112799999331
   -0.664873272292169     -0.155004457859252     0.0350112799999331
   -0.664873272292169      0.155004457859252     0.0350112799999331
   -0.198198837940138     -0.653299373031933     0.0350112799999331
   -0.466674434352031     -0.498294915172681     0.0350112799999331
    0.466674434352031     -0.498294915172681     0.0350112799999331
    0.198198837940138     -0.653299373031933     0.0350112799999331
    0.805679833665845      0.204648751234053     0.0226854027784243
    0.805679833665845     -0.204648751234053     0.0226854027784243
    0.225608899411471      0.800063578888469     0.0226854027784243
    0.580070934254374      0.595414827654416     0.0226854027784243
   -0.580070934254374      0.595414827654416     0.0226854027784243
   -0.225608899411471      0.800063578888469     0.0226854027784243
   -0.805679833665845     -0.204648751234053     0.0226854027784243
   -0.805679833665845      0.204648751234053     0.0226854027784243
   -0.225608899411471     -0.800063578888469     0.0226854027784243
   -0.580070934254374     -0.595414827654416     0.0226854027784243
    0.580070934254374     -0.595414827654416     0.0226854027784243
    0.225608899411471     -0.800063578888469     0.0226854027784243
     0.77389444850538      0.358443794248136    0.00822269362329795
     0.77389444850538     -0.358443794248136    0.00822269362329795
   0.0765257926049221      0.849434149377475    0.00822269362329795
    0.697368655900458      0.490990355129339    0.00822269362329795
   -0.697368655900458      0.490990355129339    0.00822269362329795
  -0.0765257926049221      0.849434149377475    0.00822269362329795
    -0.77389444850538     -0.358443794248136    0.00822269362329795
    -0.77389444850538      0.358443794248136    0.00822269362329795
  -0.0765257926049221     -0.849434149377475    0.00822269362329795
   -0.697368655900458     -0.490990355129339    0.00822269362329795
    0.697368655900458     -0.490990355129339    0.00822269362329795
   0.0765257926049221     -0.849434149377475    0.00822269362329795
    0.907582664943525      0.140018501099881    0.00681140886472588
    0.907582664943525     -0.140018501099881    0.00681140886472588
    0.332531753519446      0.855998894425414    0.00681140886472588
    0.575050911424079      0.715980393325532    0.00681140886472588
   -0.575050911424079      0.715980393325532    0.00681140886472588
   -0.332531753519446      0.855998894425414    0.00681140886472588
   -0.907582664943525     -0.140018501099881    0.00681140886472588
   -0.907582664943525      0.140018501099881    0.00681140886472588
   -0.332531753519446     -0.855998894425414    0.00681140886472588
   -0.575050911424079     -0.715980393325532    0.00681140886472588
    0.575050911424079     -0.715980393325532    0.00681140886472588
    0.332531753519446     -0.855998894425414    0.00681140886472588

