                    0                      0      0.226047047358954
    0.422435252829041      0.243893106936035      0.186950986148082
 6.57205258065564e-62      0.487786213872069      0.186950986148082
   -0.422435252829041      0.243893106936035      0.186950986148082
   -0.422435252829041     -0.243893106936035      0.186950986148082
-8.76273677420753e-62     -0.487786213872069      0.186950986148082
    0.422435252829041     -0.243893106936035      0.186950986148082
    0.710783125000119      0.410370828554262     0.0714475781473163
 1.10580356153041e-61      0.820741657108524     0.0714475781473163
   -0.710783125000119      0.410370828554262     0.0714475781473163
   -0.710783125000119     -0.410370828554262     0.0714475781473163
-1.47440474870721e-61     -0.820741657108524     0.0714475781473163
    0.710783125000119     -0.410370828554262     0.0714475781473163
    0.771806696813652                      0      0.117560174160416
    0.385903348406826      0.668404206251577      0.117560174160416
   -0.385903348406826      0.668404206251577      0.117560174160416
   -0.771806696813652   8.81398384935111e-62      0.117560174160416
   -0.385903348406826     -0.668404206251577      0.117560174160416
    0.385903348406826     -0.668404206251577      0.117560174160416
    0.957912268789999                      0     0.0193794555432459
       0.478956134395      0.829576359368927     0.0193794555432459
      -0.478956134395      0.829576359368927     0.0193794555432459
   -0.957912268789999   1.09392977555996e-61     0.0193794555432459
      -0.478956134395     -0.829576359368927     0.0193794555432459
       0.478956134395     -0.829576359368927     0.0193794555432459

