                    0                      0     0.0461411002615746
    0.368550456520057      0.212782705281814     0.0465571298803498
 5.73373780396753e-62      0.425565410563628     0.0465571298803498
   -0.368550456520057      0.212782705281814     0.0465571298803498
   -0.368550456520057     -0.212782705281814     0.0465571298803498
-7.64498373862337e-62     -0.425565410563628     0.0465571298803498
    0.368550456520057     -0.212782705281814     0.0465571298803498
    0.584364064097046      0.337382749711173     0.0321594091198381
 9.09126624677236e-62      0.674765499422346     0.0321594091198381
   -0.584364064097046      0.337382749711173     0.0321594091198381
   -0.584364064097046     -0.337382749711173     0.0321594091198381
-1.21216883290298e-61     -0.674765499422346     0.0321594091198381
    0.584364064097046     -0.337382749711173     0.0321594091198381
    0.710647674296299       0.41029262605395     0.0209129521164898
 1.10559283358059e-61        0.8205852521079     0.0209129521164898
   -0.710647674296299       0.41029262605395     0.0209129521164898
   -0.710647674296299      -0.41029262605395     0.0209129521164898
-1.47412377810745e-61       -0.8205852521079     0.0209129521164898
    0.710647674296299      -0.41029262605395     0.0209129521164898
    0.234099538127688                      0     0.0486369555257538
    0.117049769063844      0.202736147032782     0.0486369555257538
   -0.117049769063844      0.202736147032782     0.0486369555257538
   -0.234099538127688   2.67340197580092e-62     0.0486369555257538
   -0.117049769063844     -0.202736147032782     0.0486369555257538
    0.117049769063844     -0.202736147032782     0.0486369555257538
    0.430766272813147                      0     0.0369735624017713
    0.215383136406573      0.373054535349723     0.0369735624017713
   -0.215383136406573      0.373054535349723     0.0369735624017713
   -0.430766272813147   4.91932369477349e-62     0.0369735624017713
   -0.215383136406573     -0.373054535349723     0.0369735624017713
    0.215383136406573     -0.373054535349723     0.0369735624017713
    0.633673715487176                      0     0.0227219919878013
    0.316836857743588      0.548777535322367     0.0227219919878013
   -0.316836857743588      0.548777535322367     0.0227219919878013
   -0.633673715487176   7.23651390577503e-62     0.0227219919878013
   -0.316836857743588     -0.548777535322367     0.0227219919878013
    0.316836857743588     -0.548777535322367     0.0227219919878013
    0.766007301693853                      0     0.0283703749149748
    0.383003650846927      0.663381782751247     0.0283703749149748
   -0.383003650846927      0.663381782751247     0.0283703749149748
   -0.766007301693853   8.74775512247826e-62     0.0283703749149748
   -0.383003650846927     -0.663381782751247     0.0283703749149748
    0.383003650846927     -0.663381782751247     0.0283703749149748
    0.571197755809312      0.152240135015609     0.0349214910293597
    0.571197755809312     -0.152240135015609     0.0349214910293597
    0.153755053505566      0.570791834623329     0.0349214910293597
    0.417442702303746       0.41855169960772     0.0349214910293597
   -0.417442702303746       0.41855169960772     0.0349214910293597
   -0.153755053505566      0.570791834623329     0.0349214910293597
   -0.571197755809312     -0.152240135015609     0.0349214910293597
   -0.571197755809312      0.152240135015609     0.0349214910293597
   -0.153755053505566     -0.570791834623329     0.0349214910293597
   -0.417442702303746      -0.41855169960772     0.0349214910293597
    0.417442702303746      -0.41855169960772     0.0349214910293597
    0.153755053505566     -0.570791834623329     0.0349214910293597
    0.745810322598231      0.206381817213648     0.0294328023948296
    0.745810322598231     -0.206381817213648     0.0294328023948296
      0.1941732647129       0.74908159438156     0.0294328023948296
    0.551637057885331      0.542699777167911     0.0294328023948296
   -0.551637057885331      0.542699777167911     0.0294328023948296
     -0.1941732647129       0.74908159438156     0.0294328023948296
   -0.745810322598231     -0.206381817213648     0.0294328023948296
   -0.745810322598231      0.206381817213648     0.0294328023948296
     -0.1941732647129      -0.74908159438156     0.0294328023948296
   -0.551637057885331     -0.542699777167911     0.0294328023948296
    0.551637057885331     -0.542699777167911     0.0294328023948296
      0.1941732647129      -0.74908159438156     0.0294328023948296
    0.883147455530343     0.0913083577435026     0.0178727471375338
    0.883147455530343    -0.0913083577435026     0.0178727471375338
    0.362498370381461      0.810482310648616     0.0178727471375338
    0.520649085148882      0.719173952905114     0.0178727471375338
   -0.520649085148882      0.719173952905114     0.0178727471375338
   -0.362498370381461      0.810482310648616     0.0178727471375338
   -0.883147455530343    -0.0913083577435026     0.0178727471375338
   -0.883147455530343     0.0913083577435026     0.0178727471375338
   -0.362498370381461     -0.810482310648616     0.0178727471375338
   -0.520649085148882     -0.719173952905114     0.0178727471375338
    0.520649085148882     -0.719173952905114     0.0178727471375338
    0.362498370381461     -0.810482310648616     0.0178727471375338
     0.83610499701271      0.264786347652733    0.00832834121963275
     0.83610499701271     -0.264786347652733    0.00832834121963275
    0.188740794863791      0.856481341470485    0.00832834121963275
    0.647364202148919      0.591694993817753    0.00832834121963275
   -0.647364202148919      0.591694993817753    0.00832834121963275
   -0.188740794863791      0.856481341470485    0.00832834121963275
    -0.83610499701271     -0.264786347652733    0.00832834121963275
    -0.83610499701271      0.264786347652733    0.00832834121963275
   -0.188740794863791     -0.856481341470485    0.00832834121963275
   -0.647364202148919     -0.591694993817753    0.00832834121963275
    0.647364202148919     -0.591694993817753    0.00832834121963275
    0.188740794863791     -0.856481341470485    0.00832834121963275
    0.962891747569042      0.046763715120524    0.00393968950279983
    0.962891747569042     -0.046763715120524    0.00393968950279983
    0.440947308514809      0.857270572049445    0.00393968950279983
    0.521944439054233      0.810506856928921    0.00393968950279983
   -0.521944439054233      0.810506856928921    0.00393968950279983
   -0.440947308514809      0.857270572049445    0.00393968950279983
   -0.962891747569042     -0.046763715120524    0.00393968950279983
   -0.962891747569042      0.046763715120524    0.00393968950279983
   -0.440947308514809     -0.857270572049445    0.00393968950279983
   -0.521944439054233     -0.810506856928921    0.00393968950279983
    0.521944439054233     -0.810506856928921    0.00393968950279983
    0.440947308514809     -0.857270572049445    0.00393968950279983

