            -0.906179845938664  -0.906179845938664
            -0.906179845938664                   0
            -0.906179845938664   0.538469310105683
            -0.906179845938664   0.906179845938664
            -0.906179845938664  -0.538469310105683
            -0.538469310105683  -0.906179845938664
            -0.538469310105683   0.906179845938664
            -0.538469310105683  -0.538469310105683
            -0.538469310105683                   0
            -0.538469310105683   0.538469310105683
                             0  -0.906179845938664
                             0   0.906179845938663
                             0  -0.538469310105683
                             0   0.538469310105683
                             0                   0
             0.538469310105683  -0.538469310105683
             0.538469310105683                   0
             0.538469310105683   0.538469310105683
             0.538469310105683   0.906179845938663
             0.538469310105683  -0.906179845938664
             0.906179845938663  -0.906179845938663
             0.906179845938663                   0
             0.906179845938663   0.906179845938663
             0.906179845938663   0.538469310105683
             0.906179845938664  -0.538469310105683