   0                   0
   0.970266472501717  -1.680550827253606
   1.940532945003435  -0.000000000000000
   0.970266472501718   1.680550827253605
  -0.970266472501717   1.680550827253606
  -1.940532945003435   0.000000000000001
  -0.970266472501717  -1.680550827253606
   0.668383561388076  -1.157674287267978
   1.336767122776151  -0.000000000000000
   0.668383561388076   1.157674287267978
  -0.668383561388075   1.157674287267979
  -1.336767122776151   0.000000000000001
  -0.668383561388075  -1.157674287267979
                   0  -0.982618973322796
   0.850972993138125  -0.491309486661398
   0.850972993138125   0.491309486661398
   0.000000000000000   0.982618973322796
  -0.850972993138125   0.491309486661398
  -0.850972993138125  -0.491309486661398
                   0  -0.685948415660828
   0.594048753647964  -0.342974207830414
   0.594048753647964   0.342974207830414
   0.000000000000000   0.685948415660828
  -0.594048753647964   0.342974207830414
  -0.594048753647964  -0.342974207830414
   0.541510179266377  -1.696093134432672
   1.739614831236257  -0.379084995563788
   1.198104651969880   1.317008138868883
  -0.541510179266377   1.696093134432672
  -1.739614831236257   0.379084995563788
  -1.198104651969880  -1.317008138868884
   1.198104651969880  -1.317008138868883
  -0.541510179266377  -1.696093134432672
  -1.739614831236257  -0.379084995563788
  -1.198104651969880   1.317008138868883
   0.541510179266376   1.696093134432672
   1.739614831236257   0.379084995563788